function_1: 0.374540-0.950714
function_2: 0.754200-0.124496
function_3: 0.222932-0.012026-0.527469
function_4: 0.410249-0.406651-0.354751-0.420944
function_5: 0.889998-0.980000-0.977614-0.980000
function_6: 0.417730-0.368437-0.616904-0.754219-0.020000
function_7: 0.022248-0.431017-0.301439-0.278741-0.319130-0.671743
function_8: 0.089280-0.131517-0.129454-0.122334-0.837651-0.467905-0.211135-0.846384
