function_1: 0.374540-0.950714
function_2: 0.711980-0.834464
function_3: 0.979349-0.911093-0.399707
function_4: 0.402044-0.411799-0.423589-0.426184
function_5: 0.518037-0.938867-0.985634-1.000000
function_6: 0.478267-0.145180-0.613760-0.951012-0.074658
function_7: 0.021122-0.455751-0.197504-0.153114-0.360924-0.773482
function_8: 0.262563-0.065531-0.161972-0.074335-0.982413-0.465611-0.139469-0.226796
