function_1: 0.374540-0.950714
function_2: 0.000096-0.835151
function_3: 0.990190-0.911001-0.646952
function_4: 0.381991-0.436932-0.408895-0.448280
function_5: 0.528674-0.947024-1.000000-1.000000
function_6: 0.442663-0.135005-0.549385-0.591010-0.001824
function_7: 0.041934-0.480055-0.255043-0.220831-0.366187-0.697708
function_8: 0.321159-0.285100-0.079277-0.239005-0.997026-0.344383-0.123569-0.830702
