function_1: 0.374540-0.950714
function_2: 0.953645-0.335520
function_3: 0.308827-0.265255-0.000016
function_4: 0.383288-0.422349-0.360947-0.432722
function_5: 0.619957-0.998484-0.998958-0.344211
function_6: 0.475533-0.456239-0.451066-0.989182-0.034214
function_7: 0.000000-0.433983-0.203498-0.123701-0.405817-0.723999
function_8: 0.053688-0.005909-0.149388-0.031281-0.822629-0.495575-0.136192-0.807897
