function_1: 0.374540-0.950714
function_2: 0.758503-0.926485
function_3: 0.182900-0.485694-0.382493
function_4: 0.412925-0.398680-0.354213-0.435595
function_5: 0.789991-0.999528-0.996276-0.973812
function_6: 0.220085-0.042526-0.232241-0.971593-0.091849
function_7: 0.020000-0.479145-0.235172-0.183358-0.339336-0.646581
function_8: 0.047269-0.020000-0.103000-0.051180-0.903738-0.535695-0.150006-0.833350
