function_1: 0.374540-0.950714
function_2: 0.638344-0.923218
function_3: 0.161523-0.190994-0.000146
function_4: 0.408817-0.400218-0.355114-0.429926
function_5: 0.864806-0.980000-0.980000-0.966430
function_6: 0.482692-0.355163-0.811936-0.742728-0.020000
function_7: 0.020000-0.463924-0.286513-0.256294-0.310367-0.685862
function_8: 0.069049-0.098795-0.127208-0.103780-0.856347-0.496011-0.185812-0.840038
