function_1: 0.374540-0.950714
function_2: 0.667877-0.926730
function_3: 0.710655-0.814307-0.421289
function_4: 0.410284-0.402108-0.354195-0.430456
function_5: 0.908984-0.986471-0.201292-0.958350
function_6: 0.491522-0.367616-0.651250-0.761970-0.030263
function_7: 0.020000-0.467046-0.262354-0.258991-0.296074-0.695657
function_8: 0.040562-0.079250-0.122467-0.097708-0.885913-0.508537-0.168426-0.863318
