function_1: 0.374540-0.950714
function_2: 0.695978-0.122895
function_3: 0.529376-0.255601-0.000005
function_4: 0.407784-0.400737-0.356131-0.429174
function_5: 0.877109-0.980000-0.980000-0.967929
function_6: 0.468081-0.353268-0.595392-0.755248-0.020000
function_7: 0.020000-0.443903-0.291169-0.280862-0.321489-0.671782
function_8: 0.079903-0.111791-0.124116-0.113890-0.849808-0.486845-0.192841-0.851374
