function_1: 0.374540-0.950714
function_2: 0.631961-0.121476
function_3: 0.970199-0.494978-0.000100
function_4: 0.408336-0.422188-0.373823-0.404146
function_5: 0.881434-0.980000-0.980000-0.974132
function_6: 0.453068-0.343588-0.568165-0.750354-0.020000
function_7: 0.020000-0.447978-0.285701-0.298939-0.325527-0.665174
function_8: 0.089337-0.120129-0.132235-0.118250-0.847894-0.477745-0.207927-0.849728
