function_1: 0.374540-0.950714
function_2: 0.727665-0.123811
function_3: 0.384939-0.488659-0.098393
function_4: 0.410204-0.405660-0.356584-0.423331
function_5: 0.885634-0.979741-0.980000-0.980000
function_6: 0.094983-0.437225-0.577870-0.817716-0.272450
function_7: 0.020000-0.447403-0.285141-0.316281-0.333722-0.659808
function_8: 0.085189-0.124538-0.127233-0.120656-0.839011-0.474546-0.211336-0.847782
